0.14
0.75
1.09
1.36
1.8
1.9
10-7
106.3
11.15
11.3
11.5
11000
11820
12.19
142.5
15.4
15.5
153.87
16.2
1660
1700
1721
1731
17331
1734
18.7
18.9
19.3
2.2
2.22
2.4
20.6
20.9
202.94
22.4
22.40
221.16
221.6
23.1
28.64
28.7
3.1
30.2
3000
34.0
35.5
3500
35751
37.7
40,000
41.3
429
43.7
430
450
46.5
469.63
47.4
494.54
5
5.0
5.02
5000
509.05
518.75
538.49
546.09
55.0
569.09
57.5
5874
6.5
6.7
6.71
60
626
65
6830
7.0
8.6
887
9.2
9.4
9.87
910.4
